A1 = [
     0     1     1     0     1     0    -1     0     0     0     1     0     0     0     0     0     0    -1     0     0
     0     0     0     0     0     0     0     0     0     0     0     0     0     0     0     0     0     0     0     0
     0     0     0     0     0     0     0     0     0     0     0     1     0     1     1     1     0    -1    -1     0
     0     0     0     0     0     0     0     0     0     0     0     0     0     0     0     0     0     0     0     0
     0     0     0     0     1     0    -1     0     0     0     1     0     0     0     0     0     1     0     0     0
     0     0     0     0     0     0     0     0     0     0     0     0     0     0     0     0     0     0     0     0
     0     0     0     0     0     0     0     0     0     0     0     0     0     0     0     0     0     0     0     0
     0     0     0     0     0     0     0     0     0     0     0     0     0     0     0     0     0     0     0     0
     0     0     0     0     0     0     0     0     0     0     0     0     0     0     0     0     0     0     0     0
     0     0     0     0     0     0     0     0     0     0     0     0     0     0     0     0     0     0     0     0
     0     0     0     0    -1     0     0     1     0     0     0     0     1     1     0     0     0    -1     0     0
     0     0     0     0     0     0     0     0     0     0     0     0     0     0     0     0     0     0     0     0
     1     0     0     0     0     0     0     0     0     0     0     1     1     1     0     0     0    -1     0     0
     0     0     0     0     0     0     0     0     0     0     0     0     0     0     0     0     0     0     0     0
     0     0     0     0    -1     1     1     0     1     0     0     0     0     0     0     0     0     0     0     0
     0     0     0     0     0     0     0     0     0     0     0     0     0     0     0     0     0     0     0     0
     0     0     0     0     0     0     0     0     0     0     0     0     0     0     0     0     0     0     0     0
     0     0     0     0     0     0     0     0     0     0     0     0     0     0     0     0     0     0     0     0
     0     0     0     0     0     0     0     0     0     0     0     0     0     0     0     0     0     0     0     0
     0     0     0     0     0     0     0     0     0     0     0     0     0     0     0     0     0     0     0     0
     0     0     0     0     0     0     0     0     0     1     0     0     0     0     0     0     0     1     0     0
     0     0     0     0     0     0     0     0     0     0     0     0     0     0     0     0     0     0     0     0
     0     0     0     0     0     0     0     0     0     0     0    -1     0    -1    -1     0     0     1     0     1
     0     0     0     0     0     0     0     0     0     0     0     0     0     0     0     0     0     0     0     0
     0     1     0     1     0     0     0     0     0     1     0     0     0     0     0     0    -1     0     0     1
]
A2 = [
     0     0     0     0     0     0     0     0     0     0    -1     0     0     0     0    -1     0     0     0     0
     0     0     0    -1     0    -1     0    -1     1     0     1     0     0     0     0     1     0     0     0     0
    -1    -1     0     0     0     0     0     0     0     0     0     0     1     1     0    -1     0     0     0     0
     0     0     0     0    -1     0     0     0    -1     0     0     0    -1    -1     0     1     0     0     0     0
     0    -1     0     0     0     0     0     0     0     0     1     1     0     0     0     0     1     0     0    -1
     0     0     0     1     0     1     0     1    -1     0    -1     0     0     0     0    -1     0     0     0     0
     0     0     0    -1     0    -1     0    -1     1     0     1     0     0     0     0     1     0     0     0     0
     0     0     0     0     1     0     0     0     1     0     0     0     1     1     0    -1     0     0     0     0
     0     0     0     0    -1     0     0     0    -1     0     0     0    -1    -1     0     1     0     0     0     0
     0     0     0     0     0     0     0     0     0     0     1     1     0     0     0     0     1     0     0    -1
     0     0     0     0     0     0     0     0     0     0    -1     0     0    -1     0     0     0     1     0     0
     0     0     0     0     0     0     0    -1     0    -1     1     0     0     1     0     0     0    -1     0     0
     0     0     0     0     0     0     0     0     0     0     0     0     0     0     0     0     0     0     0     0
     0     0     0    -1    -1     0    -1     0     0     1     0     0     0     0     0     0     0     0     0     0
     0     1     0     0     0     0     0     0     0     0     0     0     0     0     1     0     0     0     0     0
     0     0     0     0     0     0     0     1     0     1    -1     0     0    -1     0     0     0     1     0     0
     0     0     0     0     0     0     0    -1     0    -1     1     0     0     1     0     0     0    -1     0     0
     0     0     0     1     1     0     1     0     0    -1     0     0     0     0     0     0     0     0     0     0
     0     0     0    -1    -1     0    -1     0     0     1     0     0     0     0     0     0     0     0     0     0
     0     0     0     0     0     0     0     0     0     0     0     0     0     0     1     0     0     0     0     0
     0     0     1     0     0     0     0     0     0     0     0    -1     0     0    -1     1     0     0     0     0
     0     0     0     0     0     0     0     0     0     0     0     0     0     0     0     0     0     0     0     0
     0     0     0     0     0     0     0     0     0     0     0     0     0     0     0     0     0     0     1    -1
     0     0     0     0     0     0     0     0     0     0     0     0     0     0     0     0     0     0     0     0
    -1     0     1     0     0     0     0     0     0     0     0     0     0     0     1     0     0     0     0     1
]
A3 = [
     0     0     0     0     0     0     0     0     0     0     0     0     0     0     0     0     0     0     0     0
     0     0     0     0     0     1     1     0     1     0    -1     0    -1     0     0     0     0     0     0     1
     0     1     0     0     0     0     0     0     0     0     0     0     0     0     0     0     0     0     0     0
     0    -1     0     0     0    -1     0    -1    -1     0     0     1     1     0     0     0     0     0     0     0
     0     0     0     0     0     0     0     0     0     0     0     0     0     0     0     0     0     0     0     0
     0     0     0     0     0     0     0     0     0     0     0     0     0     0     0     0     0     0     0     0
     0     0     0     0     0     0     0     0     0     0     0     0     0     0     0     0     0     0     0     0
     0     1     0     0     0     0     0     0     0     0     0     0     0     0     0     0     0     0     0     0
     0    -1     0     0     0     0     0     0     0     0     0     0     0     0     0     0     0     0     0     0
     0     0     0     0     0     0     0     0     0     0     0     0     0     0     0     0     0     0     0     0
     1     0     0     0     0     0     0     0     0     0     0     0     0     0     0     0     0     0     0     0
    -1     0     0     0     0     0     0     0     0     0     0     0     1     1     0     1     0    -1    -1     0
     1     1     0     0     0     0     0     0     0     0     0     0     0     0     0     0     0     0     0     0
    -1    -1     0     0     0     0     0     1     1     0     0     0    -1     0     0     0     1     0     1     0
     0    -1    -1    -1     0     0     0     0     0     0     0     0     0     0     0     0     0     0     0     0
     1     0     0     0     0     0     0     0     0     0     0     0     0     0     0     0     0     0     0     0
    -1     0     0     0     0     0     0     0     0     0     0     0     0     0     0     0     0     0     0     0
     1     1     0     0     0     0     0     0     0     0     0     0     0     0     0     0     0     0     0     0
    -1    -1     0     0     0     0     0     0     0     0     0     0     0     0     0     0     0     0     0     0
     0    -1    -1    -1     0     0     0     0     0     0     0     0     0     0     0     0     0     0     0     0
     0     0     0     0     1     0     0     0     0     0     0     0     0     0     0     0     0     0     0     0
     0     0     0     0     0     0     0     0     0     1     0     0     0    -1     0     0     0     1     1     1
     1     0    -1     0     0     0     0     0     0     0     0     0     0     0     0     0     0     0     0     0
     0     0     0     0     0     0     1     0     0    -1     0     1     0     0     1     0     0    -1    -1     0
     0     0     0     0     0     0     0     0     0     0     0     0     0     0     0     0     0     0     0     0
]
A4 = [
     0     0     0     0     0     0     0     0     0     0     0     0     0     0     0     0     0     0     0     0
     0     0     0     0     0     0     0     0     0     0     0     0     0     0     0     1     0     1     0     1
     0     0     0     0     0     0     0     0     0     0     0     0     0     0     0     0     0     0     0     0
     0     0     0     0     0     0     0     0     0     0     0     0     0     0     0     0     1     0     0     0
     0     0     0     0     0     0     0     0     0     0     0     0     0     0     0     0     0     0     0     0
     0     0     1    -1     0     1     0     1     0     0     0     0     0     0     1     0     0     0     0     0
     0     0     0     0     0     0     0     0     0     0     0     0     0     0     0     1     0     1     0     1
     0     0    -1     1     0     0     0    -1    -1     0     1     0     0     0     0     0     0     0     0     0
     0     0     0     0     0     0     0     0     0     0     0     0     0     0     0     0     1     0     0     0
     0     1     0     0     1     0     0     0    -1     1     0     0     1     0     1     0     0     0     0     0
     0     0     0     0     0     0     0     0     0     0     0     0     0     0     0     0     0     0     0     0
     0     0     0     0     0     0     0     0     0     0     0     0     0     0     0     0     0     0     0     1
     0     0     0     0     0     0     0     0     0     0     0     0     0     0     0     0     0     0     0     0
     0     0     0     0     0     0     0     0     0     0     0     0     0     0     0     1     1     0     1     0
     0     0     0     0     0     0     0     0     0     0     0     0     0     0     0     0     0     0     0     0
     1    -1     1    -1     0     1     1     0     0     0     0     0     0     0     0     0     0     0     0     0
     0     0     0     0     0     0     0     0     0     0     0     0     0     0     0     0     0     0     0     1
     0     0    -1     0     0     0     0     0    -1     0     0     1     1    -1     0     0     0     0     0     0
     0     0     0     0     0     0     0     0     0     0     0     0     0     0     0     1     1     0     1     0
     0     0     0     0     0     0     1     0    -1     1     0     0     1    -1     0     0     0     0     0     0
     0     0     0     0     0     0     0     0     0     0     0     0     0     0     0     0     0     0     0     0
     0     0     0     0     0     0     0     0     0     0     0     0     0     0     0     0     0     0     0     0
     0     0     0     0     0     0     0     0     0     0     0     0     0     0     0     0     0     0     0     0
     0     0     0     0     0     0     0     0     0     0     0     0     0     0     0     0     0     0     0     0
     0     0     0     0     0     0     0     0     0     0     0     0     0     0     0     0     0     0     0     0
]
A5 = [
     0     0     0     0     0     0     0     0     0     0     0     0     0     0     0     0     0     0     0     0
    -1     0     1     0     0     0     0     0     0     0     0     0     0     0     0     0     0     0     0     0
     0     0     0     0     0     0     0     0     0     0     0     0     0     0     0     0     0     0     0     0
     1     0     0     1     0     0     0     0     0     0     0     0     0     0     0     0     0     0     0     0
     0     0     0     0     0     0     0     0     0     0     0     0     0     0     0     0     0     0     0     0
     0     0     0     0     0     0     1     0     1     0     0     0     0     0     0     0     0     0     0     0
    -1     0     1     0     0     0    -1     0    -1     0     0     0     0     0     0     0     0     0     0     0
     0     0     0     0     0     0     0     0    -1     0     0     0     0     0     0     0     0     1    -1    -1
     1     0     0     1     0     0     0     0     1     0     0     0     0     0     0     0     0    -1     1     1
     0     0     0     0     0     0     0     0     1     0     0     0    -1     1     1     0     0     0     0     0
     0     0     0     0     0     0     0     0     0     0     0     0     0     0     0     0     0     0     0     0
     0     1     0     0     1     0     0     0     0     0     0     0     0     0     0     0     0     0     0     0
     0     0     0     0     0     0     0     0     0     0     0     0     0     0     0     0     0     0     0     0
     0    -1     0     0     0     1     0     0     0     0     0     0     0     0     0     0     0     0     0     0
     0     0     0     0     0     0     0     0     0     0     0     0     0     0     0     0     0     0     0     0
     0     0     0     0     0     0     0     0    -1     0     1     1     0     0    -1     0     0     0     0     0
     0     1     0     0     1     0     0     0     1     0    -1    -1     0     0     1     0     0     0     0     0
     0     0     0     0     0     0     0     1     0     1     0     0     0     0     0     0     0     0     0     0
     0    -1     0     0     0     1     0    -1     0    -1     0     0     0     0     0     0     0     0     0     0
     0     0     0     0     0     0     0     0    -1     0     0     1     0    -1    -1     0     0     0     0     0
     0     0     0     0     0     0     0     0     0     0     0     0     0     0     0     0     0     0     0     0
     0     0     0     0     0     0     0     0    -1     0     0     0     0     0     0     1     1     0     0    -1
     0     0     0     0     0     0     0     0     0     0     0     0     0     0     0     0     0     0     0     0
     0     0     0     0     0     0     0     0     1     0     0     0     0     0     0     0    -1     0     1     1
     0     0     0     0     0     0     0     0     0     0     0     0     0     0     0     0     0     0     0     0
 ]
 
A=[A1,A2,A3,A4,A5]
 
B1 = [
     0     1     0    -1     0     0     0     0     0     1     0     1     0    -1     0     0     0     1     0     0
     0     0     0     0     0     0     0     0     0     0     0     0     0     0     0     0     0     0     0     0
     0     0     0    -1    -1     0    -1    -1     0     0     0     0     0     0     0     0     0     0     1     0
     0     0     0     0     0     0     0     0     0     0     0     0     0     0     0     0     0     0     0     0
     0     0     1     0     0     0     0    -1     0     0     0     1     0    -1     0     0     0     1     0     0
     0     0     0     0     0     0     0     0     0     0     0     0     0     0     0     0     0     0     0     0
     0     0     0     0     0     0     0     0     0     0     0     0     0     0     0     0     0     0     0     0
     0     0     0     0     0     0     0     0     0     0     0     0     0     0     0     0     0     0     0     0
     0     0     0     0     0     0     0     0     0     0     0     0     0     0     0     0     0     0     0     0
     0     0     0     0     0     0     0     0     0     0     0     0     0     0     0     0     0     0     0     0
     0     0     0    -1     0     0     0     0     0     0     0    -1     0     0     1     0     0     0     0     1
     0     0     0     0     0     0     0     0     0     0     0     0     0     0     0     0     0     0     0     0
     1     0     0    -1     0     0     0     0     0     0     0     0     0     0     0     0     0     0     1     1
     0     0     0     0     0     0     0     0     0     0     0     0     0     0     0     0     0     0     0     0
     0     0     0     0     0     0     0     1     0     0     0    -1     1     1     0     1     0     0     0     0
     0     0     0     0     0     0     0     0     0     0     0     0     0     0     0     0     0     0     0     0
     0     0     0     0     0     0     0     0     0     0     0     0     0     0     0     0     0     0     0     0
     0     0     0     0     0     0     0     0     0     0     0     0     0     0     0     0     0     0     0     0
     0     0     0     0     0     0     0     0     0     0     0     0     0     0     0     0     0     0     0     0
     0     0     0     0     0     0     0     0     0     0     0     0     0     0     0     0     0     0     0     0
     0     0     0     1     0     0     0     0     1     0     0     0     0     0     0     0     1     0     0     0
     0     0     0     0     0     0     0     0     0     0     0     0     0     0     0     0     0     0     0     0
     0     0     0     1     0     1     0     0     0     0     0     0     0     0     0     0     0     0    -1     0
     0     0     0     0     0     0     0     0     0     0     0     0     0     0     0     0     0     0     0     0
     0     1    -1     0     0     1    -1     0     1     0     1     0     0     0     0     0     1     0     0     0
]
B2 = [
     0     0     0     0     0     0     0     0     0     0     0     0     0     0     0     0     0     0     0     0
     0     0     0     1     0     0     1    -1     0     1     0     0     1    -1     0     1     0     1     0     0
     1     1     1     0     0     0     0     0     0     0     0     0     0     0     0     0     0     0     0     0
     0     0     0     0     0     1     0     1     0     0     1    -1     1    -1     0     1     1     0     0     0
     0     0     0     0     0     0     0     0     0     0     0     0     0     0     0     0     0     0     0     0
     0     0     0     1     0     0     1    -1     0     1     0     0     0     0     0     0     0     0     0     0
     0     0     0     1     0     0     1    -1     0     1     0     0     0     0     0     0     0     0     0     0
     0     0     0     0     0     1     0     1     0     0     0     0     0     0     0     0     0     0     0     0
     0     0     0     0     0     1     0     1     0     0     0     0     0     0     0     0     0     0     0     0
     0     0     0     0     0     0     0     0     0     0     0     0     0     0     0     0     0     0     0     0
     1     0     0     0     0     0     0     0     0     0     0     0     0     0     0     0     0     0     0     0
     0     0     0     0     1     0     1     0     0     0     0     0    -1     1     0     0     0    -1    -1     0
     1     0     0     0     0     0     0     0     0     0     0     0     0     0     0     0     0     0     0     0
     0     0     0     1    -1     1     0     0     1     0     0     0    -1     0     0     0     0     0    -1     0
     0     0     0     0     0     0     0     0     0     0     0     0     0     0     0     0     0     0     0     0
     0     0     0     0     1     0     1     0     0     0     0     0     0     0     0     0     0     0     0     0
     0     0     0     0     1     0     1     0     0     0     0     0     0     0     0     0     0     0     0     0
     0     0     0     1    -1     1     0     0     1     0     0     0     0     0     0     0     0     0     0     0
     0     0     0     1    -1     1     0     0     1     0     0     0     0     0     0     0     0     0     0     0
     0     0     0     0     0     0     0     0     0     0     0     0     0     0     0     0     0     0     0     0
     0     0     0     0     0     0     0     0     0     0     0     0     0     0     0     0     0     0     0     0
     0     0     0     0     0     0     0     0     0     0     0     1     0     0     1     0     0     0    -1     1
    -1    -1     0     0     0     0     0     0     0     0     0     0     0     0     0     0     0     0     0     0
     0     0     0     0     0     0     0     0     0     0     0     0     0     0     0     0     1     0    -1     1
     0     0     0     0     0     0     0     0     0     0     0     0     0     0     0     0     0     0     0     0
]
B3 = [
     0     0     0     0     0     0     0     0     0     0     0     0     0     0     0     0     0     0     0     0
     0     0     0     0     1     0     0     0     0     0     0     0     0     0     0     0     0     0     0     0
     0     0     0     0     0     0     0     0     0     0     0     0     0     0     0     0     0     0     0     0
     0     0     0     0     0     0     0     0     0     0     0     0     0     0     0     0     0     0     0     0
     0     0     0     0     0     0     0     0     0     0     0     0     0     0     0     0     0     0     0     0
     0     0     0     0     0     0     0     1    -1     0     1     0     1     0     0     0     0     0     0     1
     0     0     0     0     0     0     0     0     0     0     0     0     0     0     0     0     0     0     0     0
     0     0     0     0     0     0     0    -1     1     0     0     0    -1    -1     0     1     0     0     0     0
     0     0     0     0     0     0     0     0     0     0     0     0     0     0     0     0     0     0     0     0
     0     0     0     0     0     0     1     0     0     1     0     0     0    -1     1     0     0     1     0     1
     0     0     0     0     0     0     0     0     0     0     0     0     0     0     0     0     0     0     0     0
     1     0     0     0     0     0     0     0     0     0     0     0     0     0     0     0     0     0     0     0
     0     0     0     0     0     0     0     0     0     0     0     0     0     0     0     0     0     0     0     0
     0     1     1    -1     0     0     0     0     0     0     0     0     0     0     0     0     0     0     0     0
     0     0     0     0     0     0     0     0     0     0     0     0     0     0     0     0     0     0     0     0
     0     0     0     0     0     1    -1     1    -1     0     1     1     0     0     0     0     0     0     0     0
     0     0     0     0     0     0     0     0     0     0     0     0     0     0     0     0     0     0     0     0
     0     0     0     0     0     0     0    -1     0     0     0     0     0    -1     0     0     1     1    -1     0
     0     0     0     0     0     0     0     0     0     0     0     0     0     0     0     0     0     0     0     0
     0     0     0     0     0     0     0     0     0     0     0     1     0    -1     1     0     0     1    -1     0
     0     0     0     0     0     0     0     0     0     0     0     0     0     0     0     0     0     0     0     0
     0     0     1     0     1     0     0     0     0     0     0     0     0     0     0     0     0     0     0     0
     0     0     0     0     0     0     0     0     0     0     0     0     0     0     0     0     0     0     0     0
     0     0     1    -1     0     0     0     0     0     0     0     0     0     0     0     0     0     0     0     0
     0     0     0     0     0     0     0     0     0     0     0     0     0     0     0     0     0     0     0     0
]
B4 = [
    -1     0     0     0     0    -1     0     0     0     0     0     0     0     0     0     0     0     0     0     0
    -1     0     0     0     0    -1     0     0     0     0     0     0     0     0     0     1     0     0     1    -1
    -1     0     0    -1     0     0     0     1     0     0     1     0     0     0     0     0     0     0     0     0
    -1     0     0    -1     0     0     0     1     0     0     1     0     0     0     0     0     0     1     0     1
     0    -1     0     0    -1     1     0     0     0     0     0     0     0     0     1     0     0     0     0     0
    -1     0     0     0     0    -1     0     0     0     0     0     0     0     0     0     0     0     0     0     0
    -1     0     0     0     0    -1     0     0     0     0     0     0     0     0     0     1     0     0     1    -1
    -1     0     0    -1     0     0     0     1     0     0     1     0     0     0     0     0     0     0     0     0
    -1     0     0    -1     0     0     0     1     0     0     1     0     0     0     0     0     0     1     0     1
     0     0     0     0     0     0     0     0     0     0     0     0     0     0     0     0     0     0     0     0
     0     0     1     1     0    -1     0     0     0     0     0     1     0     0     0     0     0     0     0     0
     0     0     1     1     0    -1     0     0     0     0     0     1     0     0     0     0     1     0     1     0
     0     0     0     0     0     0     0     0     0     0     1     1     0     0     0     0     0     0     0     0
     0     0     0     0     0     0     0     0     0     0     1     1     0     0     0     1    -1     1     0     0
     0     0     0     0     0     0     0     0     1    -1     1     0    -1     0     0     0     0     0     0     0
     0     0     1     1     0    -1     0     0     0     0     0     1     0     0     0     0     0     0     0     0
     0     0     1     1     0    -1     0     0     0     0     0     1     0     0     0     0     1     0     1     0
     0     0     0     0     0     0     0     0     0     0     1     1     0     0     0     0     0     0     0     0
     0     0     0     0     0     0     0     0     0     0     1     1     0     0     0     1    -1     1     0     0
     0     0     0     0     0     0     0     0     0     0     0     0     0     0     0     0     0     0     0     0
     1     1     0     0     0     0     1     0     0    -1     0     0     0     0     0     0     0     0     0     0
     0     0     0     0     0     0     0     0     0     0     0     0     0     0     0     0     0     0     0     0
     0     0     0     0     1     0     0     0     0     0     0    -1    -1    -1     0     0     0     0     0     0
     0     0     0     0     0     0     0     0     0     0     0     0     0     0     0     0     0     0     0     0
     0     0     0     0     1     0     0     0     0     1     0     0     0     0     0     0     0     0     0     0
]
B5 = [
     0     0     0     0     0     0     0     0     0     0     0     0     0     0     0     0     0     0     0     0
     0     1     0     0     0     0     0     0     0     0     0     0     0     0     0     0     0     0     0     0
     0     0     0     0     0     0     0     0     0     0     0     0     0     0     0     0     0     0     0     0
     0     0     0     0     0     0     0     0     0     0     0     0     0     0     0     0     0     0     0     0
     0     0     0     0     0     0     0     0     0     0     0     0     0     0     0     0     0     0     0     0
     0     0     0     0     0     0     1     0     0     0     1     0     0     0     0     1     0     0     0     0
     0     1     0     0     0     0     1     0     0     0     1     0     0     0     0     1     0     0     0     0
     0     0     0     0     0     0     0     0     1     0    -1     0     0     1    -1    -1     0     0     1    -1
     0     0     0     0     0     0     0     0     1     0    -1     0     0     1    -1    -1     0     0     1    -1
     0     0     1     0     1     0     0     0     0     0     0     0     0     0     0     0     0     0     0     0
     0     0     0     0     0     0     0     0     0     0     0     0     0     0     0     0     0     0     0     0
     0     0     0     0     0     0     0     0     0     0     0     0     0     0     0     0     0     0     0     0
     0     0     0     0     0     0     0     0     0     0     0     0     0     0     0     0     0     0     0     0
     1     0     0     0     0     0     0     0     0     0     0     0     0     0     0     0     0     0     0     0
     0     0     0     0     0     0     0     0     0     0     0     0     0     0     0     0     0     0     0     0
     0     0     0     0     0     0     0     1     0     0     0     0     0     0     0     1     1     1     0     1
     0     0     0     0     0     0     0     1     0     0     0     0     0     0     0     1     1     1     0     1
     0     0     0     0     0     0     0     0     0     1     0     0     0     0     0    -1    -1     0     1    -1
     1     0     0     0     0     0     0     0     0     1     0     0     0     0     0    -1    -1     0     1    -1
     0     0     0     1     0     1     0     0     0     0     0     0     0     0     0     0     0     0     0     0
     0     0     0     0     0     0     0     0     0     0     0     0     0     0     0     0     0     0     0     0
     0     0     0     0     0     0     0     0     0     0     1     1     1     0     1     0     0     0     0     0
     0     0     0     0     0     0     0     0     0     0     0     0     0     0     0     0     0     0     0     0
     0     0     0     0     0     0     0     0     0     0    -1    -1     0     1    -1     0     0     0     0     0
     0     0     0     0     0     0     0     0     0     0     0     0     0     0     0     0     0     0     0     0
]

B=[B1,B2,B3,B4,B5]

C1 = [
     0     1     0     1     0     0     0     0     0     0    -1     0     0     0     0     0     1     0     1     0
     0     0     0     0     0     0     0     0     0     0     0     0     0     0     0     0     0     0     0     0
     0     0     0     0     1     0     1     1     1     0    -1    -1     0    -1    -1     0     0     0     0     0
     0     0     0     0     0     0     0     0     0     0     0     0     0     0     0     0     0     0     0     0
     0     0     0     1     0     0     0     0     0     1     0     0     0     0    -1     0     0     0     1     0
     0     0     0     0     0     0     0     0     0     0     0     0     0     0     0     0     0     0     0     0
     0     0     0     0     0     0     0     0     0     0     0     0     0     0     0     0     0     0     0     0
     0     0     0     0     0     0     0     0     0     0     0     0     0     0     0     0     0     0     0     0
     0     0     0     0     0     0     0     0     0     0     0     0     0     0     0     0     0     0     0     0
     0     0     0     0     0     0     0     0     0     0     0     0     0     0     0     0     0     0     0     0
     0     0     0     0     0     1     1     0     0     0    -1     0     0     0     0     0     0     0    -1     0
     0     0     0     0     0     0     0     0     0     0     0     0     0     0     0     0     0     0     0     0
     1     0     0     0     1     1     1     0     0     0    -1     0     0     0     0     0     0     0     0     0
     0     0     0     0     0     0     0     0     0     0     0     0     0     0     0     0     0     0     0     0
     0     0     0     0     0     0     0     0     0     0     0     0     0     0     1     0     0     0    -1     1
     0     0     0     0     0     0     0     0     0     0     0     0     0     0     0     0     0     0     0     0
     0     0     0     0     0     0     0     0     0     0     0     0     0     0     0     0     0     0     0     0
     0     0     0     0     0     0     0     0     0     0     0     0     0     0     0     0     0     0     0     0
     0     0     0     0     0     0     0     0     0     0     0     0     0     0     0     0     0     0     0     0
     0     0     0     0     0     0     0     0     0     0     0     0     0     0     0     0     0     0     0     0
     0     0     1     0     0     0     0     0     0     0     1     0     0     0     0     1     0     0     0     0
     0     0     0     0     0     0     0     0     0     0     0     0     0     0     0     0     0     0     0     0
     0     0     0     0    -1     0    -1    -1     0     0     1     0     1     0     0     0     0     0     0     0
     0     0     0     0     0     0     0     0     0     0     0     0     0     0     0     0     0     0     0     0
     0     1     1     0     0     0     0     0     0    -1     0     0     1    -1     0     1     0     1     0     0
]
C2 = [
    -1     0     0     0     0     0     0     0     0     0     0     0     0     0     0     0     0     0     0     0
     0     0     0    -1    -1     0     1     0    -1     0     0     0     0     0     0     0     0     0     0     0
     0     0     0     0     0     0     0     0     0     0     0     0     0     0     0     0     0     0     0     0
     0     0     0     0     0     0    -1     0     0    -1     0     0     0     0     0     0     0     0     0     0
    -1     0     0     0     0     0     0     0     0     0     0     0     0     0     0     0     0     0     0     0
     0     0     0    -1    -1     0     1     0    -1     0     1     1     0     1     0    -1     0    -1     0     0
     0     0     0     1     1     0    -1     0     1     0     0     0     0     0     0     0     0     0     0     0
     0     0     0     0     0     0    -1     0     0    -1     0     0     0     0     0     0     0     1     1     0
     0     0     0     0     0     0     1     0     0     1     0     0     0     0     0     0     0     0     0     0
     0     0     0     0     0     0     0     0     0     0     0     0     0     0     1     0     0     0    -1     0
     0     1     0     0     0     0     0     0     0     0     0     0     0     0     0     0     0     0     0     0
     0     0     0     0     0    -1     0     0    -1     0     0     0     0     0     0     0     0     0     0     0
     0     0     0     0     0     0     0     0     0     0     0     0     0     0     0     0     0     0     0     0
     0     0     0    -1     0     1     0    -1     0    -1     0     0     0     0     0     0     0     0     0     0
     1     0     1     0     0     0     0     0     0     0     0     0     0     0     0     0     0     0     0     0
     0     0     0     0     0    -1     0     0    -1     0    -1     0    -1    -1     0     0     1     1     0     0
     0     0     0     0     0     1     0     0     1     0     0     0     0     0     0     0     0     0     0     0
     0     0     0    -1     0     1     0    -1     0    -1     0     0     1     1     0     0     0    -1     0     0
     0     0     0     1     0    -1     0     1     0     1     0     0     0     0     0     0     0     0     0     0
     0     0     0     0     0     0     0     0     0     0     0     1     0     0    -1     0     1     0     0     1
     0     0     0     0     0     0     0     0     0     0     0     0     0     0     0     0     0     0     0     0
     0     0     0     0     0     0     0     0     0     0     0     0     0     0     0     0     0     0     0     0
     0     0     0     0     0     0     0     0     0     0     0     0     0     0     0     0     0     0     0     0
     0     0     0     0     0     0     0     0     0     0     0     0     0     0     0     0     0     0     0     0
     0     0     0     0     0     0     0     0     0     0     0     0     0     0     0     0     0     0     0     0
]
C3 = [
     0     0     0     0     0    -1     0     0     0     0    -1     0     0     0     0     0     0     0     0     0
     0     0     0     0     0     1     0     0     0     0     1     0     0     0     0     0     0     0     0     0
     0     0     0     0     0    -1     0     0    -1     0     0     0     1     0     0     1     0     0     0     0
     0     0     0     0     0     1     0     0     1     0     0     0    -1     0     0    -1     0     0     0     0
     0     0     0     0     0     0    -1     0     0    -1     1     0     0     0     0     0     0     0     0     1
     0     0     0     0     1     1     0     0     0     0     1     0     0     0     0     0     0     0     0     0
     0     0     0     0     0    -1     0     0     0     0    -1     0     0     0     0     0     0     0     0     0
     1     0    -1    -1     0     1     0     0     1     0     0     0    -1     0     0    -1     0     0     0     0
     0     0     0     0     0    -1     0     0    -1     0     0     0     1     0     0     1     0     0     0     0
     0     0     1     1     1     0     1     0     0     1    -1     0     0     0     0     0     0     0     0    -1
     0     0     0     0     0     0     0     1     1     0    -1     0     0     0     0     0     1     0     0     0
     0     0     0     0     0     0     0    -1    -1     0     1     0     0     0     0     0    -1     0     0     0
     0     0     0     0     0     0     0     0     0     0     0     0     0     0     0     1     1     0     0     0
     0     0     0     0     0     0     0     0     0     0     0     0     0     0     0    -1    -1     0     0     0
     0     0     0     0     0     0     0     0     0     0     0     0     0     1    -1     1     0    -1     0     0
     0     0     0     0     0     0     0    -1    -1     0     1     0     0     0     0     0    -1     0     0     0
     0     0     0     0     0     0     0     1     1     0    -1     0     0     0     0     0     1     0     0     0
     0     1     0     1     0     0     0     0     0     0     0     0     0     0     0    -1    -1     0     0     0
     0     0     0     0     0     0     0     0     0     0     0     0     0     0     0     1     1     0     0     0
     0     0    -1    -1     0     0     0     0     0     0     0     0     0    -1     1    -1     0     1     0     0
     0     0     0     0     0     1     1     0     0     0     0     1     0     0    -1     0     0     0     0     0
     0     0     0     0     0    -1    -1     0     0     0     0    -1     0     0     1     0     0     0     0     0
     0     0     0     0     0     0     0     0     0     1     0     0     0     0     0     0    -1    -1    -1     0
     0     0     0     0     0     0     0     0     0    -1     0     0     0     0     0     0     1     1     1     0
     0     0     0     0     0     0     0     0     0     1     0     0     0     0     1     0     0     0     0     0
]
C4 = [
     0     0     0     0     0     0     0     0     0     0     0     0     0     0     0     0     0     0     0     0
     1     1     0     1     0    -1     0    -1     0     0     0     0     0     0     1    -1    -1     0     1     0
     0     0     0     0     0     0     0     0     0     0     0     0     0     0     0     0     0     0     0     0
    -1     0    -1    -1     0     0     1     1     0     0     0     0     0     0     0     0     0     0    -1     0
     0     0     0     0     0     0     0     0     0     0     0     0     0     0     0     0     0     0     0     0
     0     0     0     0     0     0     0     0     0     0     0     0     0     0     0     0     0     0     0     0
     0     0     0     0     0     0     0     0     0     0     0     0     0     0     0     1     1     0    -1     0
     0     0     0     0     0     0     0     0     0     0     0     0     0     0     0     0     0     0     0     0
     0     0     0     0     0     0     0     0     0     0     0     0     0     0     0     0     0     0     1     0
     0     0     0     0     0     0     0     0     0     0     0     0     0     0     0     0     0     0     0     0
     0     0     0     0     0     0     0     0     0     0     0     0     0     0     0     0     0     0     0     0
     0     0     0     0     0     0     0     1     1     0     1     0    -1    -1     0     0     0    -1     0     0
     0     0     0     0     0     0     0     0     0     0     0     0     0     0     0     0     0     0     0     0
     0     0     1     1     0     0     0    -1     0     0     0     1     0     1     0    -1     0     1     0    -1
     0     0     0     0     0     0     0     0     0     0     0     0     0     0     0     0     0     0     0     0
     0     0     0     0     0     0     0     0     0     0     0     0     0     0     0     0     0     0     0     0
     0     0     0     0     0     0     0     0     0     0     0     0     0     0     0     0     0     1     0     0
     0     0     0     0     0     0     0     0     0     0     0     0     0     0     0     0     0     0     0     0
     0     0     0     0     0     0     0     0     0     0     0     0     0     0     0     1     0    -1     0     1
     0     0     0     0     0     0     0     0     0     0     0     0     0     0     0     0     0     0     0     0
     0     0     0     0     0     0     0     0     0     0     0     0     0     0     0     0     0     0     0     0
     0     0     0     0     1     0     0     0    -1     0     0     0     1     1     1     0     0     0     0     0
     0     0     0     0     0     0     0     0     0     0     0     0     0     0     0     0     0     0     0     0
     0     1     0     0    -1     0     1     0     0     1     0     0    -1    -1     0     0     0     0     0     0
     0     0     0     0     0     0     0     0     0     0     0     0     0     0     0     0     0     0     0     0
]
C5 = [
     0     0     0     0     0     0     0     0     0     0     0     0     0     0     0     0     0     0     0     0
    -1     0     0     0     0     0     0     0     0     0     0     0     0     0     0     0     0     0     0     0
     0     0     0     0     0     0     0     0     0     0     0     0     0     0     0     0     0     0     0     0
     0    -1     0     0     0     0     0     0     0     0     0     0     0     0     0     0     0     0     0     0
     0     0     0     0     0     0     0     0     0     0     0     0     0     0     0     0     0     0     0     0
     0     0     0     0     0     0     1     0     0     0     0     0     1     0     0     0     0     1     0     0
     1     0     0     0     0     0    -1     0     0     0     0     0    -1     0     0     0     0    -1     0     0
     0     0     0     0     0     0     0     1     0     0     1     0     1     1     1     0     0     0     0     0
     0     1     0     0     0     0     0    -1     0     0    -1     0    -1    -1    -1     0     0     0     0     0
     0     0     0     0     0     0     0     0     0     0     0     0     0     0     0     1     0     1     1     1
     0     0     0     0     0     0     0     0     0     0     0     0     0     0     0     0     0     0     0     0
    -1     0     0     0     0     0     0     0     0     0     0     0     0     0     0     0     0     0     0     0
     0     0     0     0     0     0     0     0     0     0     0     0     0     0     0     0     0     0     0     0
     0    -1     0     0     0     0     0     0     0     0     0     0     0     0     0     0     0     0     0     0
     0     0     0     0     0     0     0     0     0     0     0     0     0     0     0     0     0     0     0     0
     0     0     0     0     0     0     0     0     1     0     0     1     1     0     1     0     1     1     0     1
     1     0     0     0     0     0     0     0    -1     0     0    -1    -1     0    -1     0    -1    -1     0    -1
     0     0     0     0     0     0     0     0     0     1     0     1     1     1     1     0     0     0     0     0
     0     1     0     0     0     0     0     0     0    -1     0    -1    -1    -1    -1     0     0     0     0     0
     0     0     0     0     0     0     0     0     0     0     0     0     0     0     0     0     1     1     1     1
     0     0     0     0     0     0     0     0     0     0     0     0     0     0     0     0     0     0     0     0
     0     0     1     1     0     0     0     0     0     0     0     0     0     0     0     0     0     0     0     0
     0     0     0     0     0     0     0     0     0     0     0     0     0     0     0     0     0     0     0     0
     0     0     0     0     1     1     0     0     0     0     0     0     0     0     0     0     0     0     0     0
     0     0     0     0     0     0     0     0     0     0     0     0     0     0     0     0     0     0     0     0
]

C=[C1,C2,C3,C4,C5]