A1 = [
     1     1    -1    -1     1    -1    -1     1    -1    -1     1     1    -1    -1    -1     1     0     1     0     0
     0     0     0     0     0     0     0     0     0     0     0     0     0     0     0     0     0     1     0     1
     1    -1    -1     1     1     1    -1     1     1    -1     1     1     1     1     1    -1     0     0     0     1
     0     0     0     0     0     0     0     0     0     0     0     0     0     0     0     0    -1     0    -1     0
     1     1     1    -1     1     1     1     1     1     1    -1     1    -1     1     1     1    -1     0     1     1
     1    -1    -1    -1    -1    -1     1    -1    -1     1     1     1     1     1     1     1     0     0     0     1
    -1    -1     1     1    -1    -1    -1     1     1     1     1     1    -1    -1     1     1    -1    -1    -1     0
     1     1     1     1    -1     1     1     1    -1    -1     1    -1     1    -1     1     1    -1    -1     1     0
     0     0     0     0     0     0     0     0     0     0     0     0     0     0     0     0     0     0     0     0
]
A2 = [    
    -1    -1     0     0    -1     0     1    -1     1     0     0     1     1     1     0     1     0     0     0    -1
     0     0     0     0     1    -1     0     0     0     0     0     0    -1     0     1     1     0     0    -1     0
     1    -1     0     0     0     1     1    -1    -1     0     0    -1     0    -1    -1     0     0     0    -1    -1
     1    -1     0     0     0     0     0     0     0     0     0     0     0     1     0     0    -1    -1     0     1
     0     0    -1    -1     0     1     0     0     0     1    -1     0     0     0     1     0     1    -1     1     0
    -1    -1     1    -1     0    -1     0     0     0    -1    -1     0     0    -1    -1     0     0     0     1     1
     0     0     0     0     1     0    -1    -1     1     0     0    -1     1     0     0     1     1     1     0     0
     0     0    -1    -1    -1     0     0     0     0    -1     1     0    -1     0     0     1    -1     1     0     0
     0     0     1    -1     0     0    -1    -1    -1     1     1     1     0     0     0     0     0     0     0     0
]

A=1/2*[A1,A2]

B1 = [
     0     0    -1     0     0    -1    -1     0    -1    -1    -1     0     0     1     1     0    -1    -1    -1     1
    -1     0     0    -1     0    -1     0     1     0     1     1     0    -1     0     1     0    -1     0    -1     0
     0    -1     1     0    -1     0     1     0    -1     0     0    -1     0     1     0     1     1     0     1     0
     0    -1     0     0     1     1     0     0     0    -1     1    -1     0     0     1    -1    -1     0     1     0
     1    -1     0    -1     1     0     0    -1     0     0     0     1    -1     0     0     1     1    -1     1     1
     1     0    -1    -1     0     0     1     1    -1     0     0     0     1    -1     0     0    -1     0     1     0
     0     0    -1     0     0     1     1     0     1     1    -1     0     0     1     1     0    -1    -1     1     1
     0     1     1     0    -1     0    -1     0     1     0     0     1     0     1     0     1     0     1     0     1
     1     0     0    -1     0     1     0     1     0    -1     1     0     1     0     1     0     0    -1     0     1
     1     0     1     1     0     0     1    -1    -1     0     0     0     1     1     0     0     0     1     0     1
    -1     1     0    -1     1     0     0    -1     0     0     0    -1     1     0     0     1     1    -1    -1    -1
     0    -1     0     0    -1     1     0     0     0    -1    -1    -1     0     0    -1     1     0     1     0    -1
    -1    -1     0    -1    -1     0     0     1     0     0     0    -1    -1     0     0     1     0     0     0     0
     0    -1    -1     0     1     0    -1     0    -1     0     0     1     0     1     0     1     0    -1     0     1
     1     0     0    -1     0    -1     0    -1     0    -1    -1     0    -1     0     1     0     0    -1     0     1
     0     1     0     0     1    -1     0     0     0    -1     1    -1     0     0    -1     1     1     0    -1     0
     0     0     1     0     0    -1     1     0    -1     1     1     0     0     1     1     0     0     0     0     0
     1     0    -1     1     0     0     1     1     1     0     0     0    -1     1     0     0    -1     0     1     0
]
B2 = [
     1     1     0     0     1    -1     0     0     0     0     0     0    -1     1    -1    -1    -1     1     1    -1
     1    -1     0     0     0     0     0     0     0     0     0     0     0     1     0     0     1    -1     0     1
     1    -1     0     0     0     0     0     0     0     0     0     0     0     1     0     0    -1     1     0     1
    -1    -1     1     1     0     0     1     1     1     1     1     1     0     1     0     0    -1    -1     0    -1
     1     1     0     0     1    -1     0     0     0     0     0     0    -1     1    -1    -1     1    -1     1    -1
     1     1     1     1     0     0     1     1     1     1     1     1     0    -1     0     0    -1    -1     0     1
    -1     1     0     0    -1     1     0     0     0     0     0     0     1     1    -1    -1     1     1    -1     1
     0     0    -1    -1    -1     1    -1    -1    -1    -1    -1    -1    -1     0     1    -1     0     0     1     0
     0     0     1     1     1     1     1     1     1     1     1     1     1     0     1     1     0     0     1     0
     0     0     0     0     1    -1     0     0     0     0     0     0     1     0     1    -1     0     0    -1     0
     1    -1     0     0    -1    -1     0     0     0     0     0     0     1    -1     1    -1    -1    -1     1    -1
     0     0     0     0     1     1     0     0     0     0     0     0     1     0    -1    -1     0     0     1     0
     0     0     1    -1     0     0    -1     1    -1    -1     1     1     0     0     0     0     0     0     0     0
     0     0     1    -1     1    -1     1    -1    -1     1    -1     1    -1     0    -1    -1     0     0     1     0
     0     0    -1     1     1    -1     1    -1    -1    -1     1     1    -1     0    -1    -1     0     0     1     0
     1    -1    -1    -1     0     0     1     1    -1     1     1    -1     0    -1     0     0    -1    -1     0    -1
     0     0    -1     1     0     0    -1     1    -1     1    -1     1     0     0     0     0     0     0     0     0
    -1     1     1     1     0     0     1     1    -1    -1    -1    -1     0     1     0     0     1     1     0     1
]
  
B = 1/2*[B1,B2]   
  
C1 = [
    -1     1     0    -1    -1     0     0     1     0     0     0    -1    -1     0     0    -1    -1    -1     1     1
    -1     1     0     1     1     0     0    -1     0     0     0    -1    -1     0     0     1     1     1     1     1
     0     0    -1     0     0     1     1     0    -1    -1    -1     0     0    -1     1     0     0     0     0     0
    -1     0     0     1     0     1     0     1     0    -1     1     0     1     0    -1     0     0     1     0     1
     0     1     1     0    -1     0    -1     0     1     0     0     1     0     1     0     1     1     0     1     0
     1     0     0    -1     0     1     0     1     0     1     1     0     1     0     1     0     0    -1     0    -1
     0    -1    -1     0    -1     0    -1     0     1     0     0    -1     0    -1     0     1     0    -1     0     1
     1     0     0     1     0     1     0     1     0    -1    -1     0    -1     0     1     0    -1     0    -1     0
     0     1     1     0     1     0    -1     0    -1     0     0    -1     0    -1     0     1     0     1     0     1
     0    -1     0     0     1    -1     0     0     0     1     1    -1     0     0    -1    -1     0     1     0     1
     1     0     1    -1     0     0     1    -1    -1     0     0     0    -1     1     0     0     1     0    -1     0
     1     0     1     1     0     0     1    -1     1     0     0     0     1    -1     0     0     1     0    -1     0
     0     0    -1     0     0    -1    -1     0    -1    -1     1     0     0     1     1     0    -1    -1     1    -1
     0     0    -1     0     0     1     1     0     1     1     1     0     0     1     1     0    -1    -1    -1    -1
    -1     1     0    -1    -1     0     0    -1     0     0     0     1     1     0     0     1     0     0     0     0
     1     0     1     1     0     0    -1     1     1     0     0     0    -1     1     0     0     0     1     0    -1
     0    -1     0     0    -1     1     0     0     0    -1     1    -1     0     0    -1     1     1     0    -1     0
     0    -1     0     0     1     1     0     0     0     1    -1     1     0     0    -1     1     1     0    -1     0
]

C2= [
    -1    -1     0     0    -1    -1     0     0     0     0     0     0    -1     1    -1    -1     1     1     1     1
     1    -1     0     0    -1     1     0     0     0     0     0     0    -1     1    -1     1     1    -1    -1    -1
     0     0     1     1     0     0     1    -1     1    -1     1     1     0     0     0     0     0     0     0     0
     0     0     1    -1    -1    -1     1     1     1     1     1    -1     1     0     1    -1     0     0    -1     0
     1     1     0     0     0     0     0     0     0     0     0     0     0     1     0     0    -1     1     0     1
     0     0     1     1     1    -1    -1     1     1     1    -1     1     1     0     1    -1     0     0     1     0
     0     0     1    -1     1    -1     1     1     1     1     1    -1    -1     0     1     1     0     0    -1     0
     1     1     0     0     0     0     0     0     0     0     0     0     0     1     0     0     1    -1     0     1
     0     0    -1    -1    -1     1    -1     1     1    -1     1     1    -1     0    -1     1     0     0    -1     0
     0     0     0     0     1     1     0     0     0     0     0     0    -1     0     1    -1     0     0     1     0
    -1     1    -1     1     0     0    -1    -1    -1    -1    -1     1     0     1     0     0     1     1     0    -1
     1     1    -1     1     0     0    -1    -1     1     1     1    -1     0    -1     0     0    -1    -1     0    -1
    -1    -1     0     0    -1     1     0     0     0     0     0     0    -1     1     1    -1     1     1    -1     1
     1    -1     0     0     1    -1     0     0     0     0     0     0     1     1     1    -1    -1     1     1    -1
     0     0    -1    -1     0     0     1    -1     1     1    -1     1     0     0     0     0     0     0     0     0
     0     0     0     0     1    -1     0     0     0     0     0     0    -1     0    -1    -1     0     0    -1     0
     1    -1     1    -1     0     0     1     1     1     1     1    -1     0    -1     0     0     1     1     0     1
     1     1     1    -1     0     0    -1    -1     1    -1    -1    -1     0    -1     0     0    -1    -1     0    -1
] 

C=1/2*[C1,C2]