A1 = [
     0     1     0    -1     0    -1     0     0    -1     0     0     0    -1    -1    -1     1     0     0     0    -1
     1     0    -1     0     1     0    -1     1     0    -1     1     1     0     0     0     0     0     1     0     1
     0    -1     0     1     0     1     0     0     1     0     0     0     1     1     1    -1     0    -1     0     0
    -1     0     0     1     0     0    -1     0     0    -1     0    -1     0    -1    -1    -1     0     0    -1    -1
     1     0     0    -1     0     0     1     0     0     1     0     1     0     1     1     1    -1     0     0     1
     0    -1    -1     0    -1    -1     0    -1    -1     0     1     0     1     0     0     0     1     0     0     0
    -1    -1     0     0     0    -1    -1     0     1     1     0     1    -1     0     0     0     0     0    -1     0
     0     0     1     1    -1     0     0     1     0     0     1     0     0    -1     1     1    -1    -1     0     0
     0     0    -1    -1     1     0     0    -1     0     0    -1     0     0     1    -1    -1     1     1     0     0
]
A2 = [ 
    -1     0     0     0    -1     0     0     0     1     0     0     1     1     1     0     0     0     0     1     0
     0    -1     0     0     0     0     1    -1     0     0     0     0     0     0     0     1     0     0    -1    -1
     1     0     0     0     0     1     0     0    -1     0     0    -1     0    -1    -1    -1     0     0     0     0
     1     0     0     1     0     0     0     0     0     0     1     0     0     1     0     0    -1     0    -1     0
     0    -1     0    -1     0     0     0     0     0     0    -1     0     0     0     0     0     0    -1     1     1
    -1     0     1     0     0    -1     0     0     0    -1     0     0     0    -1    -1     0     0     1     0     0
     0     0     0     1     1     0     0     0     1     0    -1    -1     1     0     0     0     1     0     0     0
     0     0     0    -1     0     0    -1    -1     0     0     1     0     0     0     0     1     0     1     0     0
     0     0     1     0     0     0     0     0    -1     1     0     1     0     0     0    -1     0    -1     0     0
]

A=1/2*[A1,A2]

B1 = [
     0     0     0     0     0     0     0     0     0     0     0     0     0     0     0     0     0     0     1     0
     0    -1     0     0     0    -1     0     0    -1     0     0     0    -1     0     0     0     0     0     0     0
     1     0     0     0     0     0    -1     0     0    -1     0     1     0     0     0     0     0     0     0     1
     1     0     0     0     0     0     1     0     0     1     0     1     0     0     0     0     0     0     1     1
     0    -1     0     0     0     1     0     0     1     0     0     0    -1     0     0     0     0     0     1     0
     0     0    -1    -1     1     0     0     1     0     0     1     0     0    -1     1    -1    -1    -1     0     0
     1     0     0     0     0     0     1     0     0    -1     0    -1     0     0     0     0     0     0     1     0
     0    -1     0    -1     0    -1     0     0    -1     0     0     0    -1     1     1     1     0    -1     0     1
     0     0     0     0     0     0     0     0     0     0     0     0     0     0     0     0     0     0     0     0
     1     0     0     0     0     0     1     0     0     1     0     1     0     0     0     0     0     0     1     0
     0     0     1     0     1     0     0    -1     0     0     1     0     0     0     0     0     1     0     0     0
     0     0    -1     0     1     0     0     1     0     0     1     0     0     0     0     0    -1     0     0     0
     0     1     0     0     0    -1     0     0     1     0     0     0    -1     0     0     0     0     0     0     0
     0    -1     0     0     0    -1     0     0    -1     0     0     0    -1     0     0     0     0     0     0     0
     0     0     1     0    -1     0     0     1     0     0     1     0     0     0     0     0     0     1     0     0
     1     0     0     1     0     0     1     0     0     1     0     1     0     1     1    -1    -1     0     1     1
     0     0     0     0     0     0     0     0     0     0     0     0     0     0     0     0     0     0     0     0
     0     0    -1     0     1     0     0     1     0     0     1     0     0     0     0     0     0    -1     0     0
]
B2 = [
     0     0     0     0    -1     0     0     0     0     0     0     0    -1     0     0     0    -1     0     0     0
     1     0     0     0     1    -1     0     0     0     0     0     0    -1     1    -1     0     0     0     0     0
     0     1     0     0     1     0     0     0     0     0     0     0    -1     0     0     0     0     0     1    -1
     0     1     0     0     0     0     0     0     0     0     0     0     0     0     0     0     1     0    -1     1
    -1     0     0     0     0     1     0     0     0     0     0     0     0     1    -1     0     1     0     0     0
     0     0     1     1     0     0     1     1     1     1     1     1     0     0     0     1     0    -1     0     0
     0     0     0     1     0     0     1     1     0     0     1     0     0     0     0     0    -1     0     0     0
     1     0     0     0     1    -1     0     0    -1     0     0     1    -1     1    -1    -1     0     0     1     0
     0     1     0     0     0     0    -1     1     0     0     0     0     0     0     0     0     0     0     0    -1
     0     1     0     1     0     0     0     0     0     0    -1     0     0     0     0     0     1     0     0     1
     0    -1    -1     0     0     0     0     0     0     1     0     0     0     0     0     0     0    -1     0    -1
     0     0     1     0     0     0     1     1     0     1     0     0     0     0     0     0     0    -1     0     0
     0     0    -1     0    -1     0     0     0    -1    -1     0    -1    -1     0     0     0     0     0     0     0
     0     0     0     0     1    -1     0     0    -1     0     0     1    -1     0    -1     0     0     0     0     0
     0     0     0     0     0     1    -1     1     0     0     0     0     0     0     1     1     0     0     0     0
    -1     1     0     1     0     0     0     0     0     0    -1     0     0     1     0     0     1     1    -1     1
     0     0    -1     0     0     1     0     0     0     1     0     0     0     0    -1     0     0     0     0     0
     0     0     1     0     0     0     1     1     0     1     0     0     0     0     0     1     0     0     0     0
]
  
B = [B1,B2]   
  
C1 = [
     1    -1     0     0     0    -1    -1     0     1     1     0    -1    -1     0     0     0     0     0     0     0
     1    -1     0     0     0     1     1     0    -1    -1     0    -1    -1     0     0     0     0     0    -2     0
     0     0     1     1     1     0     0    -1     0     0    -1     0     0    -1    -1     1     1     1    -1     1
    -1     0    -1     0    -1     0    -1     1     0    -1     1    -1     0     0     0     0    -1    -1     1     1
     0     1     0     1     0     1     0     0     1     0     0     0    -1     1     1     1     0     0     0     0
     0     1     0    -1     0     1     0     0    -1     0     0     0     1    -1     1     1     0     0     0     0
     0     1     0    -1     0    -1     0     0    -1     0     0     0    -1     1     1    -1    -1    -1     1    -1
    -1     0    -1     0     1     0     1    -1     0     1     1    -1     0     0     0     0     0     0     0     0
    -1     0    -1     0    -1     0     1    -1     0    -1    -1     1     0     0     0     0     0     0     0     0
     1     0     0     1     0     0    -1     0     0    -1     0     1     0     1     1     1     0     0     0    -2
     0    -1    -1     0    -1     1     0     1     1     0     1     0     1     0     0     0    -1    -1    -1    -1
    -1     0     0    -1     0     0    -1     0     0     1     0     1     0     1    -1     1     0     0     0     0
     0    -1    -1     0     1    -1     0    -1    -1     0     1     0     1     0     0     0     0     0     0     0
     1     0     0    -1     0     0     1     0     0     1     0     1     0     1     1    -1    -1    -1    -1    -1
     0     1     1     0    -1    -1     0    -1     1     0     1     0     1     0     0     0     0     0     0     0
     0     0     1     1     1     0     0     1     0     0     1     0     0     1    -1    -1     0     2     0     0
     0     0     1    -1    -1     0     0    -1     0     0     1     0     0     1    -1     1     2     0     0     0
     1    -1     0     0     0     1     1     0     1     1     0     1     1     0     0     0     1    -1    -1    -1
]

C2= [
     0     0     0     0     2     0     0     0     0     0     0     0    -2     0     0     0     0     0     0     0
     0     0     0     0     0     0     0     0     0     0     0     0     0     0     0     0     2     0     0     0
     1     1    -1    -1    -1     1    -1    -1     1    -1     1    -1    -1    -1    -1     1    -1    -1    -1    -1
    -1    -1     1    -1    -1    -1     1     1     1     1     1    -1    -1     1     1    -1     1     1    -1     1
     2     0     0     0     0     0     0     0     0     0     0     0     0     2     0     0     0     0     0     0
     0     0     0     0     0     0     0     0     2     0     0     2     0     0     0     0     0     0     0     0
    -1    -1    -1     1    -1     1    -1    -1    -1    -1    -1     1    -1     1    -1    -1     1     1     1     1
     0    -2     0     0     0     0     0     0     0     0     0     0     0     0     0     0     0     0     0    -2
     0     0     0     0     0     0     2    -2     0     0     0     0     0     0     0     0     0     0     0     0
     0     0     0     0     0     0     0     0     0     0     0     0     0     0     0     0     0     0    -2     0
     1    -1     1    -1     1    -1     1     1     1     1     1    -1     1    -1     1    -1    -1     1     1     1
     0     0     0    -2     0     0     0     0     0     0    -2     0     0     0     0     0     0     0     0     0
     0     0     0     0     0     2     0     0     0     0     0     0     0     0     2     0     0     0     0     0
    -1     1    -1     1     1    -1    -1    -1    -1    -1    -1     1     1     1     1    -1    -1     1     1    -1
     0     0    -2     0     0     0     0     0     0     2     0     0     0     0     0     0     0     0     0     0
     0     0     0     0     0     0     0     0     0     0     0     0     0     0     0    -2     0     0     0     0
     0     0     0     0     0     0     0     0     0     0     0     0     0     0     0     0     0     2     0     0
     1     1     1     1     1    -1    -1    -1     1     1    -1    -1     1    -1     1    -1    -1    -1     1    -1
]

C=1/2*[C1,C2]