syms a b d f real

A = [
  1, 0,    0,  0,   0, 0, 0, 0,   0,  0, 0,          1,     1, 0,       0,    0,       0, 0, 0, 0,   0,        0,  0
  0, 0,    0,  0,   0, 0, 0, 0,   1,  0, b,   -1/(d*f),     d, 0,       0,    0, 1/(d*f), 1, 0, 0, b/f,        0,  0
  0, 0,    a, -a,   0, 0, 0, 0,   0,  0, 0,         -b,     a, 0,       1,    0,       0, 0, 1, 0,   0,        0, -d
  0, 0,    0,  0,   0, 1, 0, 0,   f,  1, 0,       -1/d,   d*f, 0, 1/(b*d),    0,       0, 0, 0, 0,   0, -1/(b*d),  0
  0, 1,    0,  0,   0, 0, 0, 0, d*f,  0, 0,          0, d^2*f, 0,       0,    0,       1, 0, 0, 0,   0,     -1/b,  0
  0, 0,    0,  0,   0, 0, 0, 1,   0, -b, 0,        b/d,     0, 0,    -1/d,    0,       0, 0, 0, 0,   0,        0,  1
  0, 0, -1/a,  0, 1/a, 0, 1, 0,   0,  0, 0,        1/b,  -1/a, 0,       0, -d*f,       0, 0, 0, 0,  -d,        0,  0
  0, 0,    0,  0,   0, 0, 0, 0,   0,  0, 1, -1/(b*d*f),     0, 0,       0,    1,       0, 0, 0, 1, 1/f,        0,  0
  0, 0,   -1,  1,   1, 0, 0, 0,   0,  0, 0,          0,    -1, 1,       0,    0,       0, 0, 0, 0,   0,        0,  0
]  

B=A(:,[1:5,12:23,6:11])
C=B(:,[1:5,12:23,6:11])
