A1 = [
     1     1    -1    -1     1     1     0     1     0     0    -1     0    -1     0     0     1    -1     0     0     0     1     0     0     0     0     0
     0     0     1     0    -1     0     0     0     1     0     0     0     0    -1     0     0     1     0     0     0     0     0     0     0     0     0
     0     0     0     1    -1     0     0     0     0     0     1     0     1     0     0     0     0     0     0     0     0     0     0     0     0     0
     0     0     0     0     1     0     0     0     0     0     0     0     0     1     0     0     0     0     0     0     0     0     0     0     0     0
     0     0     0     0     0     1     0     0     0     1    -1     0     0     0    -1     0     0     0     0     1     1     0     0     0     0     0
     1     0     0     0     0     0     1     1     1    -1     0    -1    -1    -1     1     0     0     0     0    -1     0     0     0     0     0     0
     0     0     0     0     0     0     0     0     0     0     1     0     0     0     1     0     0     0     0     0     0     0     0     0     0     0
     0     0     0     0     0     0     0     0     0     0     0     1     1     1    -1     0     0     0     0     0     0     0     0     0     0     0
     0     0     0     0     0     0     0     0     0     0     0     0     0     0     0     0     0     0     1     0     1     0    -1     1     1     0
     0     0     0     0     0     0     0     0     0     0     0     0     0     0     0     0     0     0     0     0     0     0     1     0     0     1
     1     0     0     0     0     0     0     0     0     0     0     0     0     0     0     1    -1     0    -1     0     0     0     1    -1    -1     0
     0     0     0     0     0     0     0     0     0     0     0     0     0     0     0     0     1     0     0     0     0     0    -1     0     0    -1
     0     0     0     0     0     0     0     0     0     0     0     0     0     0     0     0     0     1     1     1     1     0     0     0     0     0
     0     0     0     0     0     0     0     0     0     0     0     0     0     0     0     0     0    -1     0    -1     0     1     0     1     0     1
     0     0     0     0     0     0     0     0     0     0     0     0     0     0     0     0     0    -1    -1     0     0     0     0     0     0     0
     1     0     0     0     0     0     0     0     0     0     0     0     0     0     0     0     0     1     0     0     0    -1     0    -1     0    -1
]

A2 = [
     0    -1     1     1     0     0     1     0     0     0     0     0     0     0     0     0     0     0     0     0     0     0     0
     0     1     0     0     1     0     0     0     0     0     0     0     0     0     0     0     0     0     0     0     0     1     0
     0     0     0     0     0     0     0     0     0     0     0    -1     1     1     0     1     0     0     0     0     0     0     0
     0     0     0     0     0     0     0     1     0     0     0     1     0     0     0     0     0     0     0     0     0     0     0
     0     0     0     0     0     1     1     0     0     0     0     0     0     0     0     0     0     0     0     0     0     0     0
     1     0     1     0     1    -1     0     0     0     0     0     0     0     0     0     0     0     0     0     0     0     1     1
     0     0     0     0     0     0     0     0     0     0     0     0     1     0     1     0     0     0     0     0     0     0     0
     0     0     0     0     0     0     0     1     1     0     0     0     0     1    -1     0     0     0     0     0     0     0     0
     0    -1     1     1     0     0     0     0     0     0     0     0     0     0     0     0     0     0     0     0     0     0     0
     0     1     0     0     1     0     0     0     0     0     0     0     0     0     0     0     0     0     0     0     0     0     0
     0     0     0     0     0     0     1     0     0     0     0    -1     1     1     0     1    -1     1     1     0     1     0     0
     0     0     0     0     0     0     0     1     0     1     0     1     0     0     0     0     1     0     0     0     0     1     0
     0     0     0     0     0     0     0     0     0     0     0     0     0     0     0     0     0     0     0     0     0     0     0
     1     0     1     0     1     0     0     0     0     0     0     0     0     0     0     0     0     0     0     0     0     0     0
     0     0     0     0     0     1     1     0     0     0     0     0     1     0     1     0     0     1     0     1     0     0     0
     0     0     0     0     0    -1     0     1     1     1     1     0     0     1    -1     0     0     0     1    -1     0     1     1
]
A=[A1,A2]

B1 = [
     1     0     0     0     1     0     0     0     0     0     0    -1     1     1     0     0     1     0     0     0     0     0     0     0     0     0
     0     0     0     0     0     0     0     0     0     0     0     1     0     0     1     0     0     0     0     0     0     0     0     0     0     0
     0     0     0     0     0     0     0     0     0     0     0     0     0     0     0     0     0     0     0     0     0    -1     1     1     0     1
     0     0     0     0     0     0     0     0     0     0     0     0     0     0     0     0     0     1     0     0     0     1     0     0     0     0
     0     0     0     1     1     0     0     0     0     0     0     0     0     0     0     1     1     0     0     0     0     0     0     0     0     0
     1     0     0    -1     0     0     0     0     0     0     1     0     1     0     1    -1     0     0     0     0     0     0     0     0     0     0
     0     0     0     0     0     0     0     0     0     0     0     0     0     0     0     0     0     0     0     0     0     0     1     0     1     0
     0     0     0     0     0     0     0     0     0     0     0     0     0     0     0     0     0     1     1     0     0     0     0     1    -1     0
     0     0     1     0     1     0    -1     1     1     0     0    -1     1     1     0     0     0     0     0     0     0     0     0     0     0     0
     0     0     0     0     0     0     1     0     0     1     0     1     0     0     1     0     0     0     0     0     0     0     0     0     0     0
     1     0    -1     0     0     0     1    -1    -1     0     0     0     0     0     0     0     1     0     0     0     0    -1     1     1     0     1
     0     0     0     0     0     0    -1     0     0    -1     0     0     0     0     0     0     0     1     0     1     0     1     0     0     0     0
     0     1     1     1     1     0     0     0     0     0     0     0     0     0     0     0     0     0     0     0     0     0     0     0     0     0
     0    -1     0    -1     0     1     0     1     0     1     1     0     1     0     1     0     0     0     0     0     0     0     0     0     0     0
     0    -1    -1     0     0     0     0     0     0     0     0     0     0     0     0     1     1     0     0     0     0     0     1     0     1     0
     1     1     0     0     0    -1     0    -1     0    -1     0     0     0     0     0    -1     0     1     1     1     1     0     0     1    -1     0
]
B2 = [
     0     0     0     0     0     0     0     1    -1    -1     1     1     0     1     0     0    -1     0    -1     0     0     1    -1
     0     0     0     0     0     1     0     0     1     0    -1     0     0     0     1     0     0     0     0    -1     0     0     1
     0     0     0     0     0     0     0     0     0     1    -1     0     0     0     0     0     1     0     1     0     0     0     0
     0     0     0     0     0     0     0     0     0     0     1     0     0     0     0     0     0     0     0     1     0     0     0
     0     0     0     0     0     0     0     0     0     0     0     1     0     0     0     1    -1     0     0     0    -1     0     0
     0     0     0     0     0     1     1     0     0     0     0     0     1     1     1    -1     0    -1    -1    -1     1     0     0
     0     0     0     0     0     0     0     0     0     0     0     0     0     0     0     0     1     0     0     0     1     0     0
     0     0     0     0     0     0     0     0     0     0     0     0     0     0     0     0     0     1     1     1    -1     0     0
     0     0     0     0     0     0     0     0     0     0     0     0     0     0     0     0     0     0     0     0     0     0     0
     0     0     0     0     0     0     0     0     0     0     0     0     0     0     0     0     0     0     0     0     0     0     0
    -1     1     1     0     1     0     0     0     0     0     0     0     0     0     0     0     0     0     0     0     0     1    -1
     1     0     0     0     0     1     0     0     0     0     0     0     0     0     0     0     0     0     0     0     0     0     1
     0     0     0     0     0     0     0     0     0     0     0     0     0     0     0     0     0     0     0     0     0     0     0
     0     0     0     0     0     0     0     0     0     0     0     0     0     0     0     0     0     0     0     0     0     0     0
     0     1     0     1     0     0     0     0     0     0     0     0     0     0     0     0     0     0     0     0     0     0     0
     0     0     1    -1     0     1     1     0     0     0     0     0     0     0     0     0     0     0     0     0     0     0     0
]
  
B = [B1,B2]   
  
C1 = [
     1     0     0     0     0     0     0     0     0     0     0     0     0     0     0     0     0     1    -1    -1     1     1     0     1     0     0
     0     0     0     0     0     0     0     0     0     0     0     0     0     0     0     1     0     0     1     0    -1     0     0     0     1     0
     0     0     0     0     0    -1     1     1     0     1     0     0     0     0     0     0     0     0     0     1    -1     0     0     0     0     0
     0     1     0     0     0     1     0     0     0     0     0     0     0     0     0     0     0     0     0     0     1     0     0     0     0     0
     0     0     0     0     0     0     0     0     0     0     0     0     0     0     0     0     0     0     0     0     0     1     0     0     0     1
     1     0     0     0     0     0     0     0     0     0     0     0     0     0     0     1     1     0     0     0     0     0     1     1     1    -1
     0     0     0     0     0     0     1     0     1     0     0     0     0     0     0     0     0     0     0     0     0     0     0     0     0     0
     0     1     1     0     0     0     0     1    -1     0     0     0     0     0     0     0     0     0     0     0     0     0     0     0     0     0
     0     0     0     0     0     0     0     0     0     0     0     0     0     0     0     0     0     0     0     0     0     0     0     0     0     0
     0     0     0     0     0     0     0     0     0     0     0     0     0     0     0     0     0     0     0     0     0     0     0     0     0     0
     1     0     0     0     0    -1     1     1     0     1    -1     1     1     0     1     0     0     0     0     0     0     0     0     0     0     0
     0     1     0     1     0     1     0     0     0     0     1     0     0     0     0     1     0     0     0     0     0     0     0     0     0     0
     0     0     0     0     0     0     0     0     0     0     0     0     0     0     0     0     0     0     0     0     0     0     0     0     0     0
     0     0     0     0     0     0     0     0     0     0     0     0     0     0     0     0     0     0     0     0     0     0     0     0     0     0
     0     0     0     0     0     0     1     0     1     0     0     1     0     1     0     0     0     0     0     0     0     0     0     0     0     0
     1     1     1     1     1     0     0     1    -1     0     0     0     1    -1     0     1     1     0     0     0     0     0     0     0     0     0
]

C2= [
    -1     0    -1     0     0     1    -1     0     0     0     1     0     0     0     0     0     0    -1     1     1     0     0     1
     0     0     0    -1     0     0     1     0     0     0     0     0     0     0     0     0     0     1     0     0     1     0     0
     1     0     1     0     0     0     0     0     0     0     0     0     0     0     0     0     0     0     0     0     0     0     0
     0     0     0     1     0     0     0     0     0     0     0     0     0     0     0     0     0     0     0     0     0     0     0
    -1     0     0     0    -1     0     0     0     0     1     1     0     0     0     0     0     0     0     0     0     0     1     1
     0    -1    -1    -1     1     0     0     0     0    -1     0     0     0     0     0     0     1     0     1     0     1    -1     0
     1     0     0     0     1     0     0     0     0     0     0     0     0     0     0     0     0     0     0     0     0     0     0
     0     1     1     1    -1     0     0     0     0     0     0     0     0     0     0     0     0     0     0     0     0     0     0
     0     0     0     0     0     0     0     0     1     0     1     0    -1     1     1     0     0    -1     1     1     0     0     0
     0     0     0     0     0     0     0     0     0     0     0     0     1     0     0     1     0     1     0     0     1     0     0
     0     0     0     0     0     1    -1     0    -1     0     0     0     1    -1    -1     0     0     0     0     0     0     0     1
     0     0     0     0     0     0     1     0     0     0     0     0    -1     0     0    -1     0     0     0     0     0     0     0
     0     0     0     0     0     0     0     1     1     1     1     0     0     0     0     0     0     0     0     0     0     0     0
     0     0     0     0     0     0     0    -1     0    -1     0     1     0     1     0     1     1     0     1     0     1     0     0
     0     0     0     0     0     0     0    -1    -1     0     0     0     0     0     0     0     0     0     0     0     0     1     1
     0     0     0     0     0     0     0     1     0     0     0    -1     0    -1     0    -1     0     0     0     0     0    -1     0
]  

C=[C1,C2]